+------------------------+
| 01 | 02 | 03 | 04 | 05 |
+------------------------+
| 06 | 07 | 07 | 08 | 09 |
+------------------------+
| 14 | 15 | 07 | 12 | 10 |
+------------------------+
| 00 | 00 | 11 | 17 | 13 |
+------------------------+
| 19 | 20 | 16 | 21 | 18 |
+------------------------+
(14,d); 1
+------------------------+
| 01 | 02 | 03 | 04 | 05 |
+------------------------+
| 06 | 07 | 07 | 08 | 09 |
+------------------------+
| 00 | 15 | 07 | 12 | 10 |
+------------------------+
| 14 | 00 | 11 | 17 | 13 |
+------------------------+
| 19 | 20 | 16 | 21 | 18 |
+------------------------+
(6,d); 2
+------------------------+
| 01 | 02 | 03 | 04 | 05 |
+------------------------+
| 00 | 07 | 07 | 08 | 09 |
+------------------------+
| 06 | 15 | 07 | 12 | 10 |
+------------------------+
| 14 | 00 | 11 | 17 | 13 |
+------------------------+
| 19 | 20 | 16 | 21 | 18 |
+------------------------+
(15,d); 3
+------------------------+
| 01 | 02 | 03 | 04 | 05 |
+------------------------+
| 00 | 07 | 07 | 08 | 09 |
+------------------------+
| 06 | 00 | 07 | 12 | 10 |
+------------------------+
| 14 | 15 | 11 | 17 | 13 |
+------------------------+
| 19 | 20 | 16 | 21 | 18 |
+------------------------+
(7,l); 4
+------------------------+
| 01 | 02 | 03 | 04 | 05 |
+------------------------+
| 07 | 07 | 00 | 08 | 09 |
+------------------------+
| 06 | 07 | 00 | 12 | 10 |
+------------------------+
| 14 | 15 | 11 | 17 | 13 |
+------------------------+
| 19 | 20 | 16 | 21 | 18 |
+------------------------+
(8,l); 5
+------------------------+
| 01 | 02 | 03 | 04 | 05 |
+------------------------+
| 07 | 07 | 08 | 00 | 09 |
+------------------------+
| 06 | 07 | 00 | 12 | 10 |
+------------------------+
| 14 | 15 | 11 | 17 | 13 |
+------------------------+
| 19 | 20 | 16 | 21 | 18 |
+------------------------+
(9,l); 6
+------------------------+
| 01 | 02 | 03 | 04 | 05 |
+------------------------+
| 07 | 07 | 08 | 09 | 00 |
+------------------------+
| 06 | 07 | 00 | 12 | 10 |
+------------------------+
| 14 | 15 | 11 | 17 | 13 |
+------------------------+
| 19 | 20 | 16 | 21 | 18 |
+------------------------+
(10,u); 7
+------------------------+
| 01 | 02 | 03 | 04 | 05 |
+------------------------+
| 07 | 07 | 08 | 09 | 10 |
+------------------------+
| 06 | 07 | 00 | 12 | 00 |
+------------------------+
| 14 | 15 | 11 | 17 | 13 |
+------------------------+
| 19 | 20 | 16 | 21 | 18 |
+------------------------+
(13,u); 8
+------------------------+
| 01 | 02 | 03 | 04 | 05 |
+------------------------+
| 07 | 07 | 08 | 09 | 10 |
+------------------------+
| 06 | 07 | 00 | 12 | 13 |
+------------------------+
| 14 | 15 | 11 | 17 | 00 |
+------------------------+
| 19 | 20 | 16 | 21 | 18 |
+------------------------+
(18,u); 9
+------------------------+
| 01 | 02 | 03 | 04 | 05 |
+------------------------+
| 07 | 07 | 08 | 09 | 10 |
+------------------------+
| 06 | 07 | 00 | 12 | 13 |
+------------------------+
| 14 | 15 | 11 | 17 | 18 |
+------------------------+
| 19 | 20 | 16 | 21 | 00 |
+------------------------+
(11,u); 10
+------------------------+
| 01 | 02 | 03 | 04 | 05 |
+------------------------+
| 07 | 07 | 08 | 09 | 10 |
+------------------------+
| 06 | 07 | 11 | 12 | 13 |
+------------------------+
| 14 | 15 | 00 | 17 | 18 |
+------------------------+
| 19 | 20 | 16 | 21 | 00 |
+------------------------+
(16,u); 11
+------------------------+
| 01 | 02 | 03 | 04 | 05 |
+------------------------+
| 07 | 07 | 08 | 09 | 10 |
+------------------------+
| 06 | 07 | 11 | 12 | 13 |
+------------------------+
| 14 | 15 | 16 | 17 | 18 |
+------------------------+
| 19 | 20 | 00 | 21 | 00 |
+------------------------+
(21,l); 12
+------------------------+
| 01 | 02 | 03 | 04 | 05 |
+------------------------+
| 07 | 07 | 08 | 09 | 10 |
+------------------------+
| 06 | 07 | 11 | 12 | 13 |
+------------------------+
| 14 | 15 | 16 | 17 | 18 |
+------------------------+
| 19 | 20 | 21 | 00 | 00 |
+------------------------+
