+------------------------+
| 02 | 03 | 11 | 04 | 05 |
+------------------------+
| 00 | 08 | 14 | 09 | 10 |
+------------------------+
| 00 | 07 | 07 | 12 | 13 |
+------------------------+
| 01 | 15 | 07 | 16 | 18 |
+------------------------+
| 06 | 19 | 20 | 17 | 21 |
+------------------------+
(1,u); 1
+------------------------+
| 02 | 03 | 11 | 04 | 05 |
+------------------------+
| 00 | 08 | 14 | 09 | 10 |
+------------------------+
| 01 | 07 | 07 | 12 | 13 |
+------------------------+
| 00 | 15 | 07 | 16 | 18 |
+------------------------+
| 06 | 19 | 20 | 17 | 21 |
+------------------------+
(1,u); 2
+------------------------+
| 02 | 03 | 11 | 04 | 05 |
+------------------------+
| 01 | 08 | 14 | 09 | 10 |
+------------------------+
| 00 | 07 | 07 | 12 | 13 |
+------------------------+
| 00 | 15 | 07 | 16 | 18 |
+------------------------+
| 06 | 19 | 20 | 17 | 21 |
+------------------------+
(6,u); 3
+------------------------+
| 02 | 03 | 11 | 04 | 05 |
+------------------------+
| 01 | 08 | 14 | 09 | 10 |
+------------------------+
| 00 | 07 | 07 | 12 | 13 |
+------------------------+
| 06 | 15 | 07 | 16 | 18 |
+------------------------+
| 00 | 19 | 20 | 17 | 21 |
+------------------------+
(19,l); 4
+------------------------+
| 02 | 03 | 11 | 04 | 05 |
+------------------------+
| 01 | 08 | 14 | 09 | 10 |
+------------------------+
| 00 | 07 | 07 | 12 | 13 |
+------------------------+
| 06 | 15 | 07 | 16 | 18 |
+------------------------+
| 19 | 00 | 20 | 17 | 21 |
+------------------------+
(15,d); 5
+------------------------+
| 02 | 03 | 11 | 04 | 05 |
+------------------------+
| 01 | 08 | 14 | 09 | 10 |
+------------------------+
| 00 | 07 | 07 | 12 | 13 |
+------------------------+
| 06 | 00 | 07 | 16 | 18 |
+------------------------+
| 19 | 15 | 20 | 17 | 21 |
+------------------------+
(7,l); 6
+------------------------+
| 02 | 03 | 11 | 04 | 05 |
+------------------------+
| 01 | 08 | 14 | 09 | 10 |
+------------------------+
| 07 | 07 | 00 | 12 | 13 |
+------------------------+
| 06 | 07 | 00 | 16 | 18 |
+------------------------+
| 19 | 15 | 20 | 17 | 21 |
+------------------------+
(14,d); 7
+------------------------+
| 02 | 03 | 11 | 04 | 05 |
+------------------------+
| 01 | 08 | 00 | 09 | 10 |
+------------------------+
| 07 | 07 | 14 | 12 | 13 |
+------------------------+
| 06 | 07 | 00 | 16 | 18 |
+------------------------+
| 19 | 15 | 20 | 17 | 21 |
+------------------------+
(11,d); 8
+------------------------+
| 02 | 03 | 00 | 04 | 05 |
+------------------------+
| 01 | 08 | 11 | 09 | 10 |
+------------------------+
| 07 | 07 | 14 | 12 | 13 |
+------------------------+
| 06 | 07 | 00 | 16 | 18 |
+------------------------+
| 19 | 15 | 20 | 17 | 21 |
+------------------------+
(3,r); 9
+------------------------+
| 02 | 00 | 03 | 04 | 05 |
+------------------------+
| 01 | 08 | 11 | 09 | 10 |
+------------------------+
| 07 | 07 | 14 | 12 | 13 |
+------------------------+
| 06 | 07 | 00 | 16 | 18 |
+------------------------+
| 19 | 15 | 20 | 17 | 21 |
+------------------------+
(2,r); 10
+------------------------+
| 00 | 02 | 03 | 04 | 05 |
+------------------------+
| 01 | 08 | 11 | 09 | 10 |
+------------------------+
| 07 | 07 | 14 | 12 | 13 |
+------------------------+
| 06 | 07 | 00 | 16 | 18 |
+------------------------+
| 19 | 15 | 20 | 17 | 21 |
+------------------------+
(14,d); 11
+------------------------+
| 00 | 02 | 03 | 04 | 05 |
+------------------------+
| 01 | 08 | 11 | 09 | 10 |
+------------------------+
| 07 | 07 | 00 | 12 | 13 |
+------------------------+
| 06 | 07 | 14 | 16 | 18 |
+------------------------+
| 19 | 15 | 20 | 17 | 21 |
+------------------------+
(11,d); 12
+------------------------+
| 00 | 02 | 03 | 04 | 05 |
+------------------------+
| 01 | 08 | 00 | 09 | 10 |
+------------------------+
| 07 | 07 | 11 | 12 | 13 |
+------------------------+
| 06 | 07 | 14 | 16 | 18 |
+------------------------+
| 19 | 15 | 20 | 17 | 21 |
+------------------------+
(8,r); 13
+------------------------+
| 00 | 02 | 03 | 04 | 05 |
+------------------------+
| 01 | 00 | 08 | 09 | 10 |
+------------------------+
| 07 | 07 | 11 | 12 | 13 |
+------------------------+
| 06 | 07 | 14 | 16 | 18 |
+------------------------+
| 19 | 15 | 20 | 17 | 21 |
+------------------------+
(1,u); 14
+------------------------+
| 01 | 02 | 03 | 04 | 05 |
+------------------------+
| 00 | 00 | 08 | 09 | 10 |
+------------------------+
| 07 | 07 | 11 | 12 | 13 |
+------------------------+
| 06 | 07 | 14 | 16 | 18 |
+------------------------+
| 19 | 15 | 20 | 17 | 21 |
+------------------------+
(7,u); 15
+------------------------+
| 01 | 02 | 03 | 04 | 05 |
+------------------------+
| 07 | 07 | 08 | 09 | 10 |
+------------------------+
| 00 | 07 | 11 | 12 | 13 |
+------------------------+
| 06 | 00 | 14 | 16 | 18 |
+------------------------+
| 19 | 15 | 20 | 17 | 21 |
+------------------------+
(14,l); 16
+------------------------+
| 01 | 02 | 03 | 04 | 05 |
+------------------------+
| 07 | 07 | 08 | 09 | 10 |
+------------------------+
| 00 | 07 | 11 | 12 | 13 |
+------------------------+
| 06 | 14 | 00 | 16 | 18 |
+------------------------+
| 19 | 15 | 20 | 17 | 21 |
+------------------------+
(16,l); 17
+------------------------+
| 01 | 02 | 03 | 04 | 05 |
+------------------------+
| 07 | 07 | 08 | 09 | 10 |
+------------------------+
| 00 | 07 | 11 | 12 | 13 |
+------------------------+
| 06 | 14 | 16 | 00 | 18 |
+------------------------+
| 19 | 15 | 20 | 17 | 21 |
+------------------------+
(6,u); 18
+------------------------+
| 01 | 02 | 03 | 04 | 05 |
+------------------------+
| 07 | 07 | 08 | 09 | 10 |
+------------------------+
| 06 | 07 | 11 | 12 | 13 |
+------------------------+
| 00 | 14 | 16 | 00 | 18 |
+------------------------+
| 19 | 15 | 20 | 17 | 21 |
+------------------------+
(14,l); 19
+------------------------+
| 01 | 02 | 03 | 04 | 05 |
+------------------------+
| 07 | 07 | 08 | 09 | 10 |
+------------------------+
| 06 | 07 | 11 | 12 | 13 |
+------------------------+
| 14 | 00 | 16 | 00 | 18 |
+------------------------+
| 19 | 15 | 20 | 17 | 21 |
+------------------------+
(15,u); 20
+------------------------+
| 01 | 02 | 03 | 04 | 05 |
+------------------------+
| 07 | 07 | 08 | 09 | 10 |
+------------------------+
| 06 | 07 | 11 | 12 | 13 |
+------------------------+
| 14 | 15 | 16 | 00 | 18 |
+------------------------+
| 19 | 00 | 20 | 17 | 21 |
+------------------------+
(20,l); 21
+------------------------+
| 01 | 02 | 03 | 04 | 05 |
+------------------------+
| 07 | 07 | 08 | 09 | 10 |
+------------------------+
| 06 | 07 | 11 | 12 | 13 |
+------------------------+
| 14 | 15 | 16 | 00 | 18 |
+------------------------+
| 19 | 20 | 00 | 17 | 21 |
+------------------------+
(17,u); 22
+------------------------+
| 01 | 02 | 03 | 04 | 05 |
+------------------------+
| 07 | 07 | 08 | 09 | 10 |
+------------------------+
| 06 | 07 | 11 | 12 | 13 |
+------------------------+
| 14 | 15 | 16 | 17 | 18 |
+------------------------+
| 19 | 20 | 00 | 00 | 21 |
+------------------------+
(21,l); 23
+------------------------+
| 01 | 02 | 03 | 04 | 05 |
+------------------------+
| 07 | 07 | 08 | 09 | 10 |
+------------------------+
| 06 | 07 | 11 | 12 | 13 |
+------------------------+
| 14 | 15 | 16 | 17 | 18 |
+------------------------+
| 19 | 20 | 00 | 21 | 00 |
+------------------------+
(21,l); 24
+------------------------+
| 01 | 02 | 03 | 04 | 05 |
+------------------------+
| 07 | 07 | 08 | 09 | 10 |
+------------------------+
| 06 | 07 | 11 | 12 | 13 |
+------------------------+
| 14 | 15 | 16 | 17 | 18 |
+------------------------+
| 19 | 20 | 21 | 00 | 00 |
+------------------------+
